[gd_scene load_steps=2 format=3 uid="uid://bhpi1wt755e3d"]

[ext_resource type="PackedScene" uid="uid://dxi11wd0piqoa" path="res://Assets/3D Assets/KayKit_Adventurers_1.0_FREE/Characters/gltf/Knight.glb" id="1_j5qpi"]

[node name="Knight" instance=ExtResource("1_j5qpi")]

[node name="Skeleton3D" parent="Rig" index="0"]
bones/1/position = Vector3(4.35612e-18, 0.360311, 1.03858e-24)
bones/2/rotation = Quaternion(1.13516e-10, 8.46058e-09, -0.0436194, 0.999048)
bones/3/rotation = Quaternion(1.1265e-10, -8.44078e-09, 0.0436194, 0.999048)
bones/4/position = Vector3(0.212007, 0.134132, 8.48024e-08)
bones/4/rotation = Quaternion(-0.709766, 0.10333, -0.315923, 0.621086)
bones/4/scale = Vector3(0.999999, 0.999999, 1)
bones/5/rotation = Quaternion(2.67715e-08, -7.83566e-08, -0.660507, 0.75082)
bones/6/rotation = Quaternion(-9.73784e-11, -2.98437e-10, 0.0266581, 0.999645)
bones/6/scale = Vector3(1, 1, 1)
bones/7/rotation = Quaternion(-0.452018, -0.0852764, -0.0550352, 0.886216)
bones/8/position = Vector3(3.06371e-08, 0.0961251, -0.0575)
bones/8/rotation = Quaternion(1.60975e-09, 1.60976e-09, -0.707107, 0.707107)
bones/8/scale = Vector3(1, 1, 1)
bones/14/position = Vector3(-0.212007, 0.134132, 8.57322e-08)
bones/14/rotation = Quaternion(-0.619014, 0.390466, 0.552897, 0.398326)
bones/14/scale = Vector3(0.999999, 0.999999, 1)
bones/15/rotation = Quaternion(1.79284e-08, 2.77748e-08, 0.55878, 0.829316)
bones/16/rotation = Quaternion(-9.73784e-11, 2.98437e-10, -0.0266581, 0.999645)
bones/16/scale = Vector3(1, 1, 1)
bones/17/rotation = Quaternion(-0.224384, 0.512771, 0.0960221, 0.823103)
bones/18/position = Vector3(-8.34822e-10, 0.0961251, -0.0575)
bones/18/rotation = Quaternion(1.60973e-09, -1.60973e-09, 0.707107, 0.707107)
bones/18/scale = Vector3(1, 1, 1)
bones/21/rotation = Quaternion(0, 2.24127e-20, 0, 1)
bones/24/position = Vector3(0.170945, 0.113587, 0.02)
bones/24/rotation = Quaternion(0.945631, -1.5637e-07, -2.05878e-10, 0.325241)
bones/24/scale = Vector3(1, 1, 1)
bones/25/rotation = Quaternion(0.376612, 6.39599e-08, -2.61545e-07, 0.926371)
bones/26/rotation = Quaternion(-0.644513, -4.28064e-08, 2.31524e-08, 0.764593)
bones/27/rotation = Quaternion(-3.04791e-08, 0.920355, -0.391084, 6.94848e-08)
bones/27/scale = Vector3(1, 1, 1)
bones/28/position = Vector3(-0.170945, 0.0835873, -0.02)
bones/28/rotation = Quaternion(0.998976, 2.62425e-07, 3.6085e-08, -0.045244)
bones/28/scale = Vector3(1, 1, 1)
bones/29/rotation = Quaternion(0.698352, -4.94182e-08, 4.84982e-07, 0.715755)
bones/30/rotation = Quaternion(-0.737541, 3.02649e-07, -2.95571e-07, 0.675303)
bones/31/rotation = Quaternion(1.01465e-07, 0.767443, -0.641118, -1.10931e-07)
bones/31/scale = Vector3(1, 1, 1)
bones/32/rotation = Quaternion(0.707107, -2.29302e-07, -4.60552e-08, 0.707107)
bones/33/position = Vector3(0.170945, 0.175613, 0.431855)
bones/33/rotation = Quaternion(-0.866347, -4.81625e-08, -8.80646e-08, 0.499443)
bones/34/position = Vector3(4.55695e-09, 0.362833, -2.42861e-15)
bones/34/rotation = Quaternion(6.66135e-15, -1.38321e-22, 1, -1.16009e-34)
bones/35/position = Vector3(-2.60494e-08, 0.213436, 1.0343e-08)
bones/35/rotation = Quaternion(-1.04035e-07, 0.391084, 0.920355, -2.95261e-08)
bones/36/position = Vector3(-6.31128e-09, 0.16565, 5.25162e-09)
bones/37/rotation = Quaternion(1, -1.33227e-15, 1.94707e-07, 0)
bones/39/rotation = Quaternion(0.707107, -3.82385e-08, 1.45009e-07, 0.707107)
bones/40/position = Vector3(-0.170945, -0.0391851, -0.0758827)
bones/40/rotation = Quaternion(-0.401708, -9.3657e-08, -3.77511e-08, 0.915768)
bones/41/position = Vector3(1.94581e-08, 0.362833, -7.45058e-09)
bones/41/rotation = Quaternion(6.55033e-15, -1.38321e-22, 1, -1.11022e-16)
bones/42/position = Vector3(-1.11482e-08, 0.213436, 5.36347e-09)
bones/42/rotation = Quaternion(-1.04035e-07, 0.391084, 0.920355, -2.95261e-08)
bones/43/position = Vector3(8.58989e-09, 0.16565, -2.26735e-08)
bones/43/rotation = Quaternion(-0.391084, -6.885e-08, -6.56287e-08, 0.920355)
bones/44/rotation = Quaternion(1, 8.88176e-16, 1.94707e-07, 8.64673e-23)
bones/46/position = Vector3(0.453508, 0.88116, -0.883876)
bones/46/rotation = Quaternion(-0.707107, -7.27951e-08, -7.27951e-08, 0.707107)
bones/47/position = Vector3(0.513182, 0.86398, -0.177878)
bones/47/rotation = Quaternion(0.699997, 0.100023, 0.699997, 0.100023)
bones/48/position = Vector3(-0.453507, 0.88116, -0.883876)
bones/48/rotation = Quaternion(-0.707107, -7.27951e-08, -7.27951e-08, 0.707107)
bones/49/position = Vector3(-0.513182, 0.942072, 0.219093)
bones/49/rotation = Quaternion(0.551742, -0.442245, -0.551742, 0.442245)

[node name="1H_Sword_Offhand" parent="Rig/Skeleton3D" index="0"]
transform = Transform3D(8.62283e-07, 5.43892e-07, 0.999999, 0.95998, 0.280063, -4.91615e-07, -0.280063, 0.959981, -4.67537e-07, 0.515551, 0.734541, -0.123982)

[node name="Badge_Shield" parent="Rig/Skeleton3D" index="1"]
transform = Transform3D(1.94822e-07, 3.37259e-07, 0.999999, 0.959981, 0.280061, 2.07006e-07, -0.280061, 0.959982, -4.56105e-07, 0.671436, 0.734541, -0.123982)

[node name="Rectangle_Shield" parent="Rig/Skeleton3D" index="2"]
transform = Transform3D(1.94822e-07, 3.37259e-07, 0.999999, 0.959981, 0.280061, 2.07006e-07, -0.280061, 0.959982, -4.56105e-07, 0.671436, 0.734541, -0.123982)

[node name="Round_Shield" parent="Rig/Skeleton3D" index="3"]
transform = Transform3D(1.94822e-07, 3.37259e-07, 0.999999, 0.959981, 0.280061, 2.07006e-07, -0.280061, 0.959982, -4.56105e-07, 0.671436, 0.734541, -0.123982)

[node name="Spike_Shield" parent="Rig/Skeleton3D" index="4"]
transform = Transform3D(1.94822e-07, 3.37259e-07, 0.999999, 0.959981, 0.280061, 2.07006e-07, -0.280061, 0.959982, -4.56105e-07, 0.671436, 0.734541, -0.123982)

[node name="1H_Sword" parent="Rig/Skeleton3D" index="5"]
transform = Transform3D(-2.5332e-07, -9.13913e-08, 0.999999, 0.217679, 0.97602, 9.63462e-08, -0.976019, 0.217679, 1.46873e-07, -0.490236, 0.944689, 0.384806)

[node name="2H_Sword" parent="Rig/Skeleton3D" index="6"]
transform = Transform3D(-2.67006e-07, -9.13913e-08, 0.999999, 0.217679, 0.97602, 9.93253e-08, -0.976019, 0.217679, 1.33515e-07, -0.490236, 0.944689, 0.384806)

[node name="Knight_Helmet" parent="Rig/Skeleton3D" index="7"]
transform = Transform3D(1, 7.45058e-09, 1.98028e-11, -1.62829e-17, 1, -4.53628e-10, -1.98046e-11, 4.53629e-10, 1, 0.0326828, 1.16911, -1.08624e-07)

[node name="Knight_Cape" parent="Rig/Skeleton3D" index="8"]
transform = Transform3D(1, 7.45058e-09, 1.98028e-11, -1.62844e-17, 1, -4.53628e-10, -1.98046e-11, 4.53629e-10, 1, 0.0326824, 1.16911, -1.40742e-07)

[node name="AnimationPlayer" parent="." index="1"]
autoplay = "Walking_A"
