[gd_scene load_steps=7 format=3 uid="uid://ko2fgefssdcp"]

[ext_resource type="Script" path="res://Scripts/EightDie.gd" id="1_w5n1s"]
[ext_resource type="ArrayMesh" uid="uid://cewlljwddbpb" path="res://Assets/dice/d8/DiceMakerD8_blank_d8_3d_numbered_stl.res" id="3_refpq"]
[ext_resource type="ArrayMesh" uid="uid://de1uw53qdwgih" path="res://Assets/dice/d8/DiceMakerD8_blank_d8_3d_blank_stl_001.res" id="4_n7077"]
[ext_resource type="Material" uid="uid://du2ej862se3yl" path="res://Materials/Faces.tres" id="4_oxfae"]
[ext_resource type="Material" uid="uid://d3pmd3027bxsl" path="res://Materials/Dice_Base.tres" id="6_erm8d"]

[sub_resource type="ConvexPolygonShape3D" id="ConvexPolygonShape3D_4pfxn"]
points = PackedVector3Array(0, 2, 0, 1.5, 0, 1.5, 1.5, 0, -1.5, -1.5, 0, -1.5, -1.5, 0, 1.5, 0, -2, 0)

[node name="EightDice" type="RigidBody3D"]
transform = Transform3D(1, 0, 0, 0, 1, 0, 0, 0, 1, 0, 2.5, 0)
script = ExtResource("1_w5n1s")

[node name="OuterMesh" type="MeshInstance3D" parent="."]
transform = Transform3D(0.23, 0, 0, 0, 0.23, 0, 0, 0, 0.23, 0, 0, 0)
mesh = ExtResource("3_refpq")
surface_material_override/0 = ExtResource("4_oxfae")

[node name="InnerMesh" type="MeshInstance3D" parent="."]
transform = Transform3D(0.225, 0, 0, 0, 0.225, 0, 0, 0, 0.225, 0, 0, 0)
mesh = ExtResource("4_n7077")
surface_material_override/0 = ExtResource("6_erm8d")

[node name="CollisionShape3D" type="CollisionShape3D" parent="."]
transform = Transform3D(1.5, 0, 0, 0, 1.5, 0, 0, 0, 1.5, 0, 0, 0)
shape = SubResource("ConvexPolygonShape3D_4pfxn")

[node name="RayCastHolder" type="Node3D" parent="."]
transform = Transform3D(1.5, 0, 0, 0, 1.5, 0, 0, 0, 1.5, 0, 0, 0)

[node name="RayCast3D_Face1" type="RayCast3D" parent="RayCastHolder"]
transform = Transform3D(-4.37114e-08, 0.60042, -0.799685, 0, 0.799685, 0.60042, 1, 2.62452e-08, -3.49553e-08, -0.667, 1.471, 0)
target_position = Vector3(0, 0, 1)

[node name="RayCast3D_Face2" type="RayCast3D" parent="RayCastHolder"]
transform = Transform3D(1, 0, 0, 0, -0.799685, -0.60042, 0, 0.60042, -0.799685, 0, -1.471, -0.667)
target_position = Vector3(0, 0, 1)

[node name="RayCast3D_Face3" type="RayCast3D" parent="RayCastHolder"]
transform = Transform3D(1, 0, 0, 0, -0.799685, 0.60042, 0, -0.60042, -0.799685, 0, 1.471, -0.667)
target_position = Vector3(0, 0, 1)

[node name="RayCast3D_Face4" type="RayCast3D" parent="RayCastHolder"]
transform = Transform3D(-0.60042, 6.99566e-08, -0.799685, 0.799685, -3.49553e-08, -0.60042, -6.99566e-08, -1, -3.49553e-08, -0.667, -1.471, 0)
target_position = Vector3(0, 0, 1)

[node name="RayCast3D_Face5" type="RayCast3D" parent="RayCastHolder"]
transform = Transform3D(-4.37114e-08, -0.60042, 0.799685, 0, 0.799685, 0.60042, -1, 2.62452e-08, -3.49553e-08, 0.667, 1.471, 0)
target_position = Vector3(0, 0, 1)

[node name="RayCast3D_Face6" type="RayCast3D" parent="RayCastHolder"]
transform = Transform3D(1, 0, 0, 0, 0.80799, -0.589196, 0, 0.589196, 0.80799, 0, -1.471, 0.667)
target_position = Vector3(0, 0, 1)

[node name="RayCast3D_Face7" type="RayCast3D" parent="RayCastHolder"]
transform = Transform3D(1, 0, 0, 0, 0.799685, 0.60042, 0, -0.60042, 0.799685, 0, 1.471, 0.667)
target_position = Vector3(0, 0, 1)

[node name="RayCast3D_Face8" type="RayCast3D" parent="RayCastHolder"]
transform = Transform3D(-4.37114e-08, 0.60042, 0.799685, 0, 0.799685, -0.60042, -1, -2.62452e-08, -3.49553e-08, 0.667, -1.471, 0)
target_position = Vector3(0, 0, 1)
